0 479
0 163
0 456
0 439
0 256
0 18
0 262
0 341
1 79
1 32
1 283
1 393
1 497
2 174
2 106
2 474
2 206
2 420
2 304
2 70
2 69
2 224
3 59
3 407
3 93
3 301
3 462
3 42
3 394
3 289
3 389
4 262
4 367
4 288
4 303
4 253
5 277
6 262
6 201
6 115
6 27
6 118
6 172
6 134
6 46
7 149
8 109
8 250
8 191
8 358
8 203
8 462
8 7
9 419
9 437
9 380
9 89
9 361
9 191
10 192
10 31
10 77
10 145
10 48
10 239
11 236
11 178
11 397
11 403
12 120
12 5
12 159
12 22
12 445
12 260
12 131
12 51
13 33
13 265
13 474
13 426
13 42
13 57
13 341
13 73
14 133
15 440
15 18
16 252
16 68
17 201
17 481
17 378
17 282
17 434
18 390
18 119
18 14
19 253
19 186
20 346
21 108
21 392
21 428
21 461
21 333
22 185
22 184
22 477
22 416
22 458
22 23
22 479
22 225
23 195
23 59
23 190
23 69
23 247
23 188
23 9
24 377
24 146
24 202
24 8
24 198
25 290
25 34
25 318
25 368
25 313
25 342
25 420
25 31
25 284
26 395
26 52
26 249
27 172
27 119
28 309
28 152
28 165
28 176
28 4
28 12
28 352
28 38
29 102
29 127
29 426
29 428
29 232
29 74
29 48
29 125
30 58
31 10
31 214
31 287
31 481
31 475
31 70
32 385
33 196
33 53
33 241
33 451
33 366
34 118
34 182
34 299
34 23
34 294
34 281
34 277
35 337
35 287
36 94
36 439
36 87
36 293
36 330
36 194
36 21
36 397
36 348
37 106
37 236
37 381
38 387
38 343
39 142
39 464
39 119
40 169
40 334
41 486
41 134
41 487
42 468
42 219
42 210
42 167
42 53
42 234
42 232
42 442
43 59
44 451
44 213
44 477
45 337
45 12
45 498
45 387
45 304
45 325
46 223
46 336
47 223
47 79
47 191
47 184
47 221
47 33
47 263
47 367
48 147
48 145
48 255
49 107
49 45
49 223
49 64
49 10
49 234
50 95
50 188
50 397
50 316
50 179
51 222
52 213
52 473
52 72
52 298
52 352
53 477
53 209
54 155
54 119
54 373
54 469
54 157
54 21
54 274
54 439
55 4
55 299
55 221
55 410
55 14
55 339
56 185
56 99
56 474
56 75
56 485
56 452
56 435
56 144
56 388
57 97
57 238
57 179
57 379
57 82
58 223
58 120
58 235
58 425
58 379
58 381
59 280
59 424
59 455
59 126
59 83
59 184
59 67
60 20
60 481
60 310
60 185
61 431
61 423
61 147
61 337
61 246
62 32
62 383
62 75
62 432
62 404
62 390
63 352
64 330
64 176
64 386
65 212
65 334
65 77
65 118
65 51
65 82
65 340
66 309
66 247
67 79
67 50
67 462
67 393
68 164
68 206
68 311
68 348
68 40
69 12
69 353
69 399
69 9
69 253
70 125
70 343
70 180
70 485
71 334
72 262
72 55
72 135
72 89
73 498
73 167
73 298
73 425
73 8
73 334
73 497
73 308
73 315
74 490
74 368
74 61
75 481
75 187
75 413
75 328
75 226
75 223
76 113
76 234
76 352
76 53
76 436
77 326
78 419
78 191
78 365
78 383
78 226
78 155
78 202
79 321
79 381
79 9
79 432
79 109
79 420
79 318
79 307
79 89
80 487
80 464
80 140
80 404
80 377
80 242
80 484
80 49
81 205
81 290
81 177
81 10
81 217
81 112
81 144
82 309
82 100
82 56
82 293
82 186
82 110
82 297
82 171
82 309
83 276
83 96
83 177
83 256
83 212
83 137
83 121
83 209
84 221
84 357
84 480
84 382
84 431
85 25
85 437
85 353
85 24
85 180
86 345
86 79
86 415
86 228
86 381
86 353
86 129
86 211
87 444
87 483
87 162
88 448
88 226
88 356
88 293
88 429
88 155
88 406
88 443
88 359
89 393
89 164
89 68
89 153
89 187
90 221
90 96
90 421
90 473
90 101
90 317
91 475
91 185
91 340
91 107
91 495
92 242
93 459
93 358
93 473
93 433
94 125
94 103
94 297
94 162
94 328
94 277
94 142
94 43
95 115
95 166
95 267
95 406
96 285
96 389
96 38
96 113
96 304
96 81
97 100
97 17
97 34
97 497
97 110
97 151
98 2
98 12
98 311
98 309
98 354
98 267
99 102
99 345
99 225
99 302
99 479
99 308
99 88
99 438
100 143
100 237
100 482
100 305
100 244
100 309
100 420
101 263
101 134
101 450
101 316
101 272
101 164
101 129
101 173
101 13
102 180
102 27
102 357
102 299
102 352
102 166
102 221
102 181
103 187
103 387
103 162
103 475
103 428
103 235
103 355
104 168
104 88
104 360
105 262
105 495
105 184
105 339
105 382
105 384
105 277
105 35
105 1
106 363
106 362
106 330
106 224
106 353
106 155
106 149
106 128
106 352
107 390
107 322
107 260
108 338
108 372
108 301
108 269
108 428
108 352
108 392
108 19
108 114
109 25
109 420
109 170
109 448
109 42
109 379
109 55
109 392
109 95
110 254
110 385
111 48
111 250
111 118
111 316
112 332
112 53
112 426
112 51
112 19
112 322
112 378
112 14
113 69
113 327
113 430
114 87
114 440
114 61
115 154
116 82
116 285
117 141
117 489
117 157
118 199
118 435
118 227
118 241
118 68
118 309
118 448
118 72
118 351
119 157
119 260
119 218
119 455
119 116
119 265
119 327
119 316
120 198
120 411
120 191
120 30
120 200
121 13
121 246
121 420
121 225
121 169
121 274
121 191
121 473
121 363
122 468
122 431
122 395
123 370
123 348
123 228
123 10
123 77
123 372
123 402
123 266
124 277
124 406
124 456
124 361
124 191
124 211
124 269
124 186
124 83
125 485
125 232
125 315
125 316
125 92
125 438
125 333
125 170
126 284
126 148
126 70
126 225
126 308
126 379
126 425
127 244
127 170
127 260
127 419
127 304
128 25
128 288
128 462
128 367
128 453
128 352
128 307
128 165
129 260
129 153
129 395
129 489
129 269
130 123
131 128
131 38
131 323
131 264
132 318
132 409
132 391
132 129
132 364
132 499
132 308
132 468
132 333
133 70
133 78
133 201
133 57
133 84
133 79
133 422
133 423
134 230
134 87
135 122
136 142
136 87
136 217
136 334
136 265
136 118
137 452
137 26
137 50
137 374
137 395
137 420
138 286
138 86
138 184
138 467
138 146
139 398
139 375
139 71
139 127
139 410
139 188
139 327
139 198
140 11
140 160
140 174
140 159
140 123
140 407
140 439
140 351
140 470
141 276
141 343
141 229
141 281
141 368
141 132
141 26
141 350
141 94
142 259
142 361
142 258
142 273
142 367
142 473
142 286
142 461
143 441
143 199
143 279
143 192
143 324
143 370
143 93
143 47
143 389
144 382
145 90
145 138
145 72
145 208
145 102
145 427
145 435
145 157
145 210
146 298
146 311
146 187
147 496
147 32
148 474
148 341
148 76
148 271
148 381
148 379
149 164
149 181
149 385
149 429
149 498
150 145
151 388
151 208
151 361
151 18
151 377
151 178
151 83
151 462
151 136
152 125
152 418
152 13
152 253
152 156
153 290
153 256
153 178
153 434
153 27
154 407
154 160
154 231
154 133
154 118
154 45
154 401
154 67
155 286
156 3
156 318
156 303
156 209
156 409
156 100
156 365
156 171
157 431
157 180
157 403
157 417
157 309
157 23
157 290
158 44
158 395
158 444
158 214
158 232
159 365
159 150
159 389
160 383
160 122
160 5
160 78
160 429
160 12
160 333
161 484
161 112
161 434
162 188
162 219
162 344
162 112
162 141
162 52
162 234
162 98
162 264
163 310
163 94
163 313
163 452
163 142
163 402
164 18
164 22
164 490
164 140
164 192
164 125
164 161
164 88
165 393
165 193
166 80
166 494
166 176
167 325
167 139
167 193
168 195
168 285
168 335
168 72
168 432
168 75
169 217
169 456
169 150
170 261
170 83
170 148
171 293
171 360
171 444
171 103
171 50
172 56
172 306
172 441
172 480
172 143
172 386
172 380
173 7
173 453
173 70
173 141
173 398
173 406
173 155
174 216
174 4
175 400
175 275
175 408
175 77
175 156
175 1
176 82
176 108
176 476
176 488
177 370
177 412
177 235
177 298
177 371
177 172
177 130
177 440
177 2
178 234
178 308
178 271
179 429
179 434
179 171
179 149
179 441
179 137
179 39
180 254
181 100
181 293
182 392
182 38
182 431
183 112
183 4
184 291
184 386
184 385
184 492
184 499
184 221
185 206
185 456
185 328
185 98
185 116
185 307
186 143
186 437
186 483
186 39
186 163
186 323
187 115
187 428
187 451
187 265
187 477
187 463
187 67
188 362
188 463
188 348
188 440
188 71
188 180
188 93
189 346
189 169
189 19
189 104
189 478
189 273
190 236
191 303
191 413
191 232
191 115
191 207
191 418
191 378
191 416
191 344
192 102
192 170
192 177
192 425
192 133
192 398
192 42
192 42
193 291
193 70
193 118
193 352
193 177
194 399
195 282
196 271
196 249
196 348
197 363
197 365
198 463
198 151
198 350
198 54
199 420
199 47
199 79
199 278
199 413
199 254
200 430
200 348
200 253
200 94
200 32
200 475
201 1
201 356
201 211
201 469
201 304
201 456
201 444
202 347
202 270
203 136
203 244
203 358
203 82
203 351
203 171
203 191
203 273
204 252
204 26
204 149
205 429
205 422
206 420
206 310
206 203
206 476
206 492
206 104
207 170
207 295
207 58
207 99
207 475
207 59
207 62
207 369
207 161
208 64
208 100
208 82
208 395
208 204
208 56
208 465
208 329
209 56
209 191
209 390
209 143
209 28
209 11
209 149
209 428
210 178
210 79
210 442
210 120
210 404
210 71
211 162
212 215
212 387
212 235
212 138
212 201
212 136
212 358
212 151
213 164
213 425
213 103
213 120
213 429
213 235
213 24
213 268
214 233
214 273
214 72
214 115
214 395
214 421
214 239
214 231
214 41
215 273
215 264
216 278
216 328
216 145
216 409
216 73
216 43
216 239
217 149
217 214
217 486
217 28
218 406
218 439
218 111
219 2
220 127
220 450
220 174
220 231
220 429
221 124
221 195
221 122
221 472
222 51
222 227
223 304
223 108
223 106
223 74
223 339
223 399
224 160
224 452
224 169
224 415
225 80
225 2
225 338
225 308
225 372
226 172
226 10
227 49
227 428
227 25
227 184
227 172
228 451
228 213
228 218
228 49
229 250
229 43
229 251
229 198
229 125
229 346
229 495
229 418
230 296
230 46
230 266
230 488
230 55
230 229
230 412
230 282
230 142
231 199
231 87
231 90
231 242
231 326
231 18
231 355
232 275
232 421
232 428
232 341
232 416
232 477
232 458
232 391
232 481
233 234
233 282
233 231
233 482
233 445
234 16
235 274
235 247
236 200
236 232
236 408
237 268
237 476
237 167
237 140
238 193
239 402
239 134
239 69
239 443
240 287
240 130
240 195
240 417
240 471
240 85
241 7
241 287
241 291
241 207
241 451
241 362
242 234
242 356
242 322
242 78
242 36
242 428
242 2
243 370
243 250
243 467
244 433
244 409
244 389
244 174
244 7
245 275
245 90
245 268
245 109
245 416
245 367
245 87
246 174
246 218
246 10
247 339
247 142
247 51
248 116
248 337
248 263
248 15
248 361
248 293
248 473
248 381
249 242
250 464
250 171
250 381
250 480
250 334
251 301
251 343
251 217
251 476
251 80
251 3
251 219
252 387
253 192
253 400
253 245
253 434
254 34
254 267
254 336
255 218
256 65
256 468
256 238
256 378
256 126
256 345
256 303
257 44
257 342
257 91
257 369
257 483
257 376
257 342
257 26
257 463
258 192
258 379
258 6
258 291
258 85
258 102
259 121
259 135
259 352
260 255
260 377
260 203
261 195
261 341
261 142
261 202
261 213
261 71
262 403
262 390
262 297
262 441
262 428
263 77
263 136
263 441
263 10
263 33
264 7
264 141
264 197
265 36
265 247
266 6
266 407
266 330
266 144
266 386
266 427
267 35
267 167
267 330
267 176
267 209
268 277
268 382
268 204
268 270
268 278
268 52
268 236
269 472
269 474
269 492
269 70
270 12
270 63
271 298
271 397
271 247
271 47
271 226
271 313
272 243
272 258
272 366
272 248
272 5
273 46
273 156
273 86
273 333
274 60
274 68
274 224
274 99
274 477
274 119
275 171
275 476
275 261
275 39
276 350
276 49
276 367
277 339
278 303
279 256
279 308
280 143
280 18
280 314
280 192
280 489
280 52
280 67
280 478
280 30
281 81
281 323
281 326
281 283
282 141
283 273
283 109
283 346
283 149
283 329
283 36
283 256
283 405
284 135
284 207
285 18
285 185
285 252
285 196
286 219
287 447
287 235
287 184
287 350
287 119
287 220
288 46
289 263
289 334
289 496
289 76
289 499
289 442
289 292
289 415
290 188
290 455
290 458
290 113
290 61
290 302
290 181
290 382
290 407
291 322
291 278
291 476
291 490
291 59
292 57
292 307
292 154
292 321
292 390
293 339
293 390
293 168
293 38
293 51
293 107
293 354
294 45
295 186
295 204
295 328
295 66
295 239
295 311
296 287
296 202
296 84
296 27
297 36
298 83
298 243
298 449
299 315
299 106
299 17
299 296
299 110
299 407
299 160
299 373
300 360
301 61
301 383
301 305
301 49
301 151
302 410
302 409
302 303
302 59
302 58
302 467
302 265
302 452
303 52
303 416
303 3
303 463
303 53
303 30
303 437
303 205
304 499
304 276
304 332
305 163
305 63
305 101
305 299
305 236
305 330
305 314
305 86
306 321
306 143
306 340
306 323
307 201
308 149
309 41
310 89
310 75
311 100
311 271
312 305
312 268
313 251
313 346
313 274
313 350
314 187
314 71
314 266
314 300
314 172
314 355
314 23
314 242
315 261
315 312
316 101
316 179
316 425
316 194
316 53
316 137
317 484
317 109
317 221
317 36
317 262
317 428
317 205
318 304
318 271
318 98
318 217
319 38
319 15
319 186
319 275
320 173
320 164
320 486
320 235
320 466
320 136
321 236
321 52
321 78
321 317
322 7
322 210
322 95
322 237
322 399
322 92
322 194
322 315
323 74
323 351
323 9
323 252
323 368
323 481
323 146
323 458
324 69
324 43
324 130
324 289
324 20
324 30
324 76
325 483
325 45
325 381
326 222
326 478
326 30
326 88
326 300
326 23
326 4
326 477
327 63
327 167
328 441
328 221
328 438
328 68
328 389
328 396
328 81
328 288
328 72
329 55
329 419
329 40
329 484
329 210
330 415
330 406
331 187
331 290
331 254
331 62
332 17
332 76
332 31
332 350
332 182
333 84
333 258
334 467
334 295
334 373
335 1
335 317
336 195
336 357
336 183
336 69
336 217
336 188
337 222
337 27
337 287
337 428
337 224
337 95
338 159
338 210
338 266
338 157
338 493
338 19
339 247
339 10
340 368
340 265
340 481
340 60
340 68
340 276
340 410
340 246
341 159
341 64
341 397
341 313
341 215
342 293
342 167
342 182
342 314
342 148
343 346
343 353
343 319
343 19
343 410
343 346
344 61
344 150
345 317
346 411
346 375
346 155
346 38
346 467
347 476
347 488
347 254
348 463
348 28
348 280
349 3
349 292
349 446
349 210
349 224
350 85
350 101
350 159
350 64
350 379
350 87
350 491
351 418
351 34
351 428
351 376
351 290
351 237
351 337
352 48
352 263
352 319
352 88
352 159
352 478
353 337
353 183
353 328
354 207
354 19
355 173
355 147
355 47
355 172
355 285
355 465
355 376
355 82
355 190
356 139
356 475
356 252
356 185
356 345
356 120
357 93
358 227
358 248
359 263
359 490
359 409
360 112
360 288
360 303
360 170
360 96
360 421
360 190
361 463
361 61
361 96
361 314
362 256
362 381
362 107
362 109
362 104
362 403
362 282
363 204
363 107
364 3
364 287
364 26
364 350
364 64
364 252
365 179
365 230
365 68
365 144
365 33
365 488
366 438
366 166
367 170
367 385
367 158
367 220
367 126
368 259
368 179
369 49
369 218
369 322
369 138
370 46
370 43
370 37
370 309
370 367
370 52
371 454
371 370
372 464
372 182
372 333
372 209
372 29
372 248
372 42
372 394
373 205
373 303
374 94
374 384
374 330
374 242
374 176
374 238
374 16
375 94
376 108
376 480
376 388
376 406
376 309
376 23
376 362
376 445
376 327
377 141
377 374
377 232
377 335
377 290
377 159
378 490
378 277
378 185
378 217
378 320
378 379
378 13
379 272
379 277
379 162
379 188
379 334
380 39
380 272
381 178
381 322
381 106
381 240
381 277
381 208
381 71
381 199
382 458
382 213
382 390
382 413
383 124
384 289
384 482
384 338
384 138
384 470
384 23
384 288
384 249
384 198
385 364
385 90
386 205
387 207
387 350
387 358
387 76
387 439
387 471
387 4
387 335
387 116
388 36
388 118
389 189
389 124
389 73
389 289
389 347
390 393
390 171
390 415
391 191
391 159
391 310
391 62
391 154
391 92
391 234
392 276
392 340
392 107
392 344
392 139
392 401
392 25
393 376
393 246
393 31
393 421
393 415
393 444
393 35
393 3
394 97
394 61
395 239
396 10
396 136
397 286
398 407
398 437
399 45
399 204
399 62
399 179
400 249
400 424
401 432
401 211
401 157
401 485
401 27
401 378
402 261
402 155
403 362
404 168
404 149
404 485
404 224
404 176
404 310
404 265
404 466
404 261
405 175
406 370
406 397
406 395
406 275
407 351
407 398
407 76
407 102
408 164
408 163
408 475
408 203
409 265
409 357
409 237
409 286
409 92
409 298
409 153
410 186
410 489
410 169
410 159
410 78
410 285
410 128
411 143
411 37
411 20
411 464
411 104
412 262
412 374
412 151
412 491
412 175
412 305
412 277
412 369
412 470
413 89
413 425
413 138
413 62
413 366
414 470
414 131
414 418
414 456
414 139
415 254
415 226
415 65
416 98
416 485
416 23
416 404
416 297
416 232
416 498
416 256
417 351
417 320
417 290
417 350
417 436
417 234
417 65
418 272
418 138
418 283
419 334
419 401
419 346
419 88
420 74
420 55
421 169
421 314
421 253
421 133
421 252
422 286
422 226
423 160
423 129
423 101
423 309
423 135
423 417
424 257
424 469
424 99
424 122
424 226
424 169
424 348
424 487
425 189
425 112
425 154
425 231
425 206
425 369
425 196
426 188
426 359
426 239
427 379
427 479
428 396
428 84
428 441
428 197
428 396
428 205
429 414
429 418
429 459
430 485
430 197
431 277
431 274
431 443
431 19
431 455
431 424
431 80
431 60
431 32
432 296
432 150
432 32
432 426
432 408
432 172
433 193
433 295
433 491
433 473
433 452
433 142
433 107
433 112
433 352
434 217
434 465
434 301
434 378
434 358
434 268
434 169
434 408
435 485
435 344
435 285
435 286
435 123
435 259
435 60
435 191
436 25
436 137
436 12
436 125
436 392
437 429
438 76
438 251
438 301
438 402
439 327
439 350
439 419
439 436
439 345
440 94
440 379
440 296
440 393
441 56
441 385
441 228
441 355
441 31
441 296
441 55
441 408
442 130
442 298
442 326
442 491
442 85
443 372
443 81
443 409
443 325
443 445
443 359
443 444
443 45
443 139
444 334
444 241
445 96
445 341
445 359
445 154
445 158
445 423
445 103
446 30
446 9
446 229
446 492
446 219
447 126
448 123
448 130
448 65
449 139
449 233
449 128
449 124
449 35
449 20
450 445
450 412
450 224
450 131
450 37
450 131
451 14
451 259
451 227
451 304
451 170
451 277
451 496
451 82
451 389
452 292
452 60
452 141
452 304
452 405
452 252
452 441
452 433
453 334
453 229
453 341
453 98
453 416
453 482
454 115
454 410
454 342
454 65
455 328
455 233
456 217
456 296
456 460
456 119
456 155
456 416
457 456
457 301
457 433
457 179
457 264
457 207
457 161
457 15
457 240
458 133
459 47
459 122
459 102
459 366
459 274
460 338
460 5
460 433
460 446
460 226
460 249
460 354
460 224
461 484
461 362
461 78
461 255
461 61
461 305
461 479
461 24
462 320
462 481
462 86
462 226
462 273
462 105
462 301
462 7
462 376
463 444
463 284
463 251
463 122
463 483
463 434
463 174
464 68
464 474
464 442
465 109
465 209
465 407
465 201
465 377
465 433
465 113
466 473
466 3
466 221
466 29
466 132
466 413
466 72
466 380
467 298
467 93
467 123
467 16
467 159
468 401
468 227
468 454
468 43
468 196
468 391
468 37
468 155
469 2
469 426
469 62
469 145
469 167
469 69
470 465
470 350
471 330
471 65
471 214
471 492
471 203
471 156
471 321
472 269
473 491
473 499
474 332
475 116
476 53
476 135
477 443
477 14
477 461
477 65
477 53
477 220
477 459
477 338
477 44
478 198
479 454
479 118
479 33
479 308
479 153
479 63
479 458
479 35
479 197
480 69
480 62
480 35
480 46
481 479
481 99
481 26
481 492
481 238
481 459
481 165
482 408
482 77
482 453
483 363
484 465
484 106
484 355
484 177
484 91
484 284
484 410
484 368
484 331
485 452
485 278
485 355
485 461
486 341
486 465
486 71
486 180
486 51
487 372
487 97
487 386
488 412
488 383
488 370
488 163
488 282
488 90
488 243
489 434
489 343
489 65
489 210
489 387
489 245
489 499
489 275
489 490
490 169
490 442
490 177
490 385
490 125
490 34
491 228
491 255
491 53
491 448
491 353
491 311
492 252
492 489
492 370
492 229
492 77
492 464
492 182
493 465
493 437
493 94
493 494
493 317
493 305
493 429
493 255
494 440
494 320
494 237
494 206
494 46
495 425
495 471
496 10
496 401
496 117
496 116
496 20
496 95
496 165
497 400
497 407
497 308
497 328
497 165
497 14
497 254
498 349
499 272
499 296
499 318
499 144
499 365
499 60
499 332
